[consultancy4.jpg]
filters=finetune2=1,0.000000,0.000000,0.000000,00000000,-0.309942;finetune2=1,0.000000,0.000000,0.000000,00000000,-0.695906;
moddate=72b43ad7f671d101
width=2046
height=1124
textactive=0
